longitude
-121.5153351
-128.0805
-66.8261
-118.5236667
110.1285
-67.6725
-66.9729
126.5762
-73.0276
-104.6715
123.3857
-98.9766
-26.9994
-34.4109
-177.9597
-34.5321
-151.2219
-149.5134
9.9495
-153.0488
70.6696
-120.5275
-114.1301667
-26.853
-177.0307
-153.0478
130.6838
-116.667
-72.9933
-97.706
-42.9516
-32.6607
-33.2029
-152.5438
-117.583
47.3844
167.1362
167.2722
-26.7741
-146.4618
-121.256
-70.5837
44.8588
-123.561
-121.1961667
143.4645
94.7091
-65.608
-149.9393
127.0392
-98.7258
141.1924
-86.4218
-71.6624
-71.6703
-65.3725
-176.2537
-64.608
97.3949
-173.6833
97.4507
-94.3949
-98.0628
-173.2148
-66.0046
-177.2482
-115.5718333
-122.7578333
-179.9106
130.6609
178.6618
-16.171
-157.9265
151.8538
-98.4688
-45.1327
-44.9955
97.3583
52.9143
97.3807
-67.7393
99.442
-98.3972
179.0773
-71.5892
174.97
-178.6928
151.1465
179.1626
-97.2357
-153.6575
85.5702
130.3333
-64.902
-66.5621
-112.2706667
-150.9737
-98.735
-117.363
168.4476
-65.5895
-178.7657
-73.26
68.4557
-140.0937
123.8969
-67.3264
-67.3
141.0288
167.5168
168.5473
141.826
-155.2135
-98.7296
-136.696
-66.7364
137.9325
121.9164
-111.7535
-116.9191667
-64.9479
-150.3337
-164.1205
-65.6443
168.7298
-68.6064
93.5581
-72.0803
-169.3746
127.9003
121.5753
-177.4051
-65.23
-11.5305
-11.6013
-151.0524
-178.629
-158.3455
-169.2539
121.3941
-156.5679
168.4357
-0.6721
-158.4238
127.0351
-169.2565
-97.3443
-68.8455
-160.9179
-71.3205
179.468
-115.61
-67.5019
-152.1228
-171.8321
-68.6574
168.5712
168.9164
-67.3647
-163.3497
-174.4904
168.5879
-164.0024
-65.7098
168.4902
168.8158
169.089
168.7691
178.3713
-160.5842
-116.023
-116.0228333
-69.7313
-173.2982
-104.8443
126.1584
-64.3797
81.3044
-98.4973
129.0335
57.2
-65.373
-11.5433
-110.7636667
-152.2909
168.1264
-68.1536
-97.114
-163.4169
101.2296
138.3348
168.6937
-172.0888
-75.3086
130.5612
-67.0875
71.1686
-97.2645
-68.9001
-70.7828
57.1454
-172.0611
-126.8238333
179.7735
130.5804
-163.4233
-67.4535
-82.5052
166.0176
-168.4879
-163.4771
126.8971
-67.3103
-163.3983
-178.4304
126.5033
-163.4103
177.014
-64.3892
-116.4816667
-163.4906
-158.4802
140.8515
-105.257
122.6516
166.3349
-117.2935
-175.777
-64.958
-152.2535
-64.963
168.5269
-84.8731667
-116.8313333
-166.7747
141.9599
123.0941
168.8781
57.5366
-65.8348
128.3645
178.2995
-64.7509
-71.875
-64.9029
-97.4109
-71.5447
-69.0692
-68.7478
-153.5087
-152.0503
8.8801
-66.6382
130.4163
-66.735
-70.2528
-116.3785
-124.4308333
-151.0051
-98.0749
168.5854
-144.5
-67.0885
-67.2055
168.741
-66.6763
129.9826
-97.7287
140.9447
-98.1241
-152.2838
-103.302
-71.33
-178.565
154.3594
-118.499
-163.1053
-97.2909
147.626
-74.187
-82.8345
-98.7328
-150.5331
165.3343
-116.0221667
160.6201
-98.7324
-156.8116
-71.6558
-115.7071667
-99.0981
-90.7531
-98.7151
-98.7153
-173.8888
-91.4554
167.1467
-67.3466
-67.2425
179.6732
-117.8416
-66.7895
-64.2076
70.3014
-65.091
-115.5698333
166.5035
-65.6297
-97.3051
-77.5686
116.2796
166.8155
179.9436
-97.719
60.7839
61.0382
-116.7343333
-72.0251
-97.2633
-68.9602
-11.5561
137.9651
97.833
-173.5688
-115.5726667
-115.568
-161.2367
-98.427
-174.5779
-67.4261
-148.8998
-167.277
-177.033
-173.8032
130.1875
-178.4523
-111.7651667
-64.0747
168.819
-158.0494
-79.278
-158.1533
-67.3679
-150.5343
-90.6271
-65.7276
-92.6882
-157.4114
-66.6268
-116.241
-92.6185
-86.9689
-161.555
-97.2866
-151.6571
-134.1741
153.0084
-158.4296
117.1795
163.0231
-82.6055
-134.0995
-116.4445
-61.2532
142.0181
128.0312
139.44
-167.1797
-126.0173
141.5841
126.0491
-88.581
-158.3569
-66.095
-97.1579
-115.8132
61.0957
-111.7636667
-98.758
-164.2487
130.3017
-87.3888
160.5462
-65.299
-64.502
130.1051
-115.567
130.283
130.2093
-155.279
-178.6125
-155.2785
-112.2504
-88.7075
120.4673
-104.8111
-111.9138
-116.4366667
-65.1266
-122.5601667
142.9047
-152.3623
-97.2563
-127.3122
147.8693
49.4097
130.5318
152.3522
-97.239
-169.2617
-60.9641
-122.7955
-64.4598
-176.753
162.217
127.1141
-146.8683
-63.9505
-125.9006667
145.7735
125.8536
-168.6184
-66.638
3.389
139.9185
-170.5427
71.2247
-175.5496
-156.6161
-120.777
179.2855
95.1993
107.5248
-169.5185
-169.2505
-173.4358
-173.3264
148.4005
-152.8061
124.8288
115.1289
-87.0057
-156.8036667
-63.6318
-97.7234
-68.5419
-164.6256
-64.7851
-178.3873
-178.4563
-116.4883333
-98.7151
126.4564
-122.7983333
-116.4246667
71.8189
-95.3267
-153.0173
-120.5635
-132.4886
-67.0285
-177.2785
40.7552
120.9629
-119.4081667
-177.2443
152.314
-172.8213
-151.2081
-64.3237
-161.3983
-66.305
144.528
-116.4243333
-173.5147
178.6288
-158.2047
-151.5002
-13.58
-116.4218333
-116.4535
-116.4643333
-66.7163
-89.5446667
-116.4538333
-65.3919
-116.4463333
-116.4341667
-116.466
-116.405
-116.4426667
-172.9545
-158.1653
-64.7096
-64.7559
-86.9054
160.5359
-139.9782
-86.9476
-86.9542
-87.1977
-86.9033
-87.0131
142.7793
140.9507
123.9288
-153.6176
-97.5135
168.223
60.9718
-66.6956
141.2038
-66.1535
130.2158
121.0854
-170.4946
-115.8185
145.0268
-166.7207
-67.6
166.4848
-158.1732
-97.3823
-158.0346
-172.0624
178.2736
-155.8211667
177.2483
-97.6149
-97.8289
177.1676
177.1108
-98.7657
119.1336
-160.1729
119.1153
-167.4769
141.9538
-148.8887
-179.9889
-164.5386
116.2335
-111.7631667
115.8895
21.6365
-158.119
-156.3442
-66.732
-158.1754
-68.838
151.6317
126.1595
161.2066
-92.2595
-76.8786
-156.5007
-66.1865
-154.973
-72.0312
-123.7458333
-158.3925
144.3284
-178.5017
-96.8883
-157.6257
-97.6162
-64.9319
-16.033
142.939
74.9456
-155.5808333
-90.8037
-89.0244
-104.5558
-140.6438
-157.5187
-124.6046667
-154.2718
-67.4079
-118.4786667
-118.06
-66.4925
130.1626
122.487
130.1747
71.2656
126.4548
119.4117
131.1205
-66.1828
-97.5675
-179.7331
126.4129
126.3331
-69.48
-98.7599
-69.2651
150.2807
-97.4344
-97.239
-114.5726
149.935
-178.0699
126.2885
-73.0848
-119.6414
-66.4732
-105.3848
-105.1442
-105.1876
-104.8623
-158.5363
-155.241
-64.6006
-177.6483
-67.1785
-117.2191667
-179.8507
-176.1414
-152.1971
148.0223
29.1462
166.8599
-66.6567
-157.3814
-161.7987
-153.0894
126.3735
-177.6651
-116.3975
-155.245
166.7707
142.7748
-115.2149
-96.7658
-97.7414
-94.1049
-96.7622
-96.9184
-158.1485
-70.7774
-177.6021
-69.322
-80.037
-169.4293
-82.6546
142.5784
31.5315
-97.728
141.7503
-71.5811
-71.5359
-64.8825
-66.5895
-155.246
103.3859
-71.6112
124.3057
72.5251
-97.2792
-92.0995
-64.6352
-177.8359
-179.2911
126.2342
-14.7476
-74.0578
-97.2849
179.915
-167.9422
-172.4223
-98.9132
-109.8836
-82.9414
-119.8381667
-115.2184
26.7214
-97.3616
-98.0076
-67.1825
125.6217
120.3398
-69.0358
127.6275
-115.5076667
125.3223
-71.652
-179.587
-104.978
-71.9093
-71.2207
-164.3488
-122.7965
-74.1017
-179.77
-64.2705
128.1667
-176.8887
-67.2001
-98.9599
-98.0029
-98.2163
-67.1024
-98.2432
-98.0964
26.1046
168.3815
-64.7752
-69.9505
-165.1321
145.5985
-67.6765
-83.1061
-71.5236
168.2488
-65.1483
126.6775
-65.164
-64.6389
-175.6152
-68.2301
169.356
68.5675
-64.1365
-164.0675
-167.2176
-126.921
20.3196
-172.8367
97.8291
-158.4379
-174.0432
-122.1655
-69.618
107.4912
126.3871
57.6163
-173.1225
-155.4526667
-177.7549
128.8732
-29.1766
-98.9641
-89.186
100.1601
31.5875
-179.1738
-97.5731
-65.6699
-125.8417
-177.6133
-179.8063
-170.6792
120.1537
-171.7442
-177.6213
-158.4187
169.3069
-98.7599
-115.8399
126.4943
-167.6308
-71.72
-63.177
104.9745
-163.3138
169.2684
168.8497
169.426
-150.718
93.3026
-151.5339
164.8212
-97.8211
178.8408
-158.417
-70.2867
-77.4757
148.486
-176.7044
-179.0581
-64.1548
120.5021
178.5693
-158.4245
-175.8539
130.1385
-115.8389
-158.5065
178.4669
-67.4152
-179.8539
-70.3992
-66.89
-64.0418
138.1124
-144.9783
-151.3106
-153.4853
140.1709
-177.8378
166.5562
-71.657
-89.1877
-68.9478
-117.2931667
-66.8391
58.0131
-97.8224
-115.4503333
120.1011
169.2512
-177.4128
65.4337
71.5417
120.5345
-98.1423
117.9669
-153.1012
143.656
-178.3445
-97.708
-158.5254
178.3634
-67.3584
179.4842
124.0475
-163.1689
-153.2499
-67.2632
-67.1885
-67.2853
-67.313
-67.2612
-67.2139
-67.2734
117.2107
-116.0353333
-177.6847
-67.3003
-67.18
-67.2425
-116.0331667
-67.2188
-67.2677
-67.2393
-97.8775
-155.3201667
-67.1835
-105.8541
-147.2711
-116.0351667
-120.6101667
-151.017
-105.8365
-105.8544
-97.718
-64.5541
-158.4509
-89.7326667
-88.6617
146.8164
-97.5704
164.4669
-70.4508
-152.7628
100.6676
140.3338
3.4242
-64.9773
-64.9917
-97.3873
-97.6862
58.5976
-72.2256
-75.0486
-119.6301
103.4988
113.1066
-158.4237
124.8398
-178.0079
153.8937
-97.9893
-158.4831
70.8334
-26.7146
167.4436
-177.9545
-97.4028
151.7797
-80.4661
-155.6115
-159.0783
-105.307
-179.872
179.9426
-80.4443
-64.3366
-105.8833
-105.6135
-105.7471
-179.6791
-158.4387
-97.4072
-167.7948
-158.3572
-97.3887
-69.4956
-166.859
-178.1957
-158.3767
137.0125
-168.1557
-158.339
-158.459
-122.819
-99.1045
-86.2011
-158.3975
178.8928
-158.436
-86.1859
-158.5246
-63.9748
3.5024
-149.421
120.618
-80.3326
-164.1181
119.8203
160.6969
-94.1773
142.799
-177.6449
-74.9124
-157.9858
126.1465
-145.9172
-97.1593
-120.4615
154.3638
151.8404
166.4365
-96.2698
-65.2153
-84.339
-67.5603
122.5337
-165.2534
-26.2023
-66.2379
-67.069
-178.157
-89.1668
-66.6579
-169.3374
-156.7094
-177.0977
-177.8276
-178.5066
-26.3442
-26.1395
-73.1317
-26.2072
151.1665
129.3992
138.747
179.6532
-97.1636
11.96
-2.0594
-153.758
-60.2625
-144.4008
122.5164
92.142
170.1417
-121.9731667
-26.6049
-178.6166
-97.8381
166.7303
141.7042
149.8408
126.7599
-166.67
-54.6976
-177.4143
167.5182
-177.593
-178.8875
122.7126
128.5395
-71.4837
-83.9189
-162.7876
-177.6673
-177.9551
-121.1616667
126.4694
-66.3964
-7.9778
-177.616
-177.9406
-67.4176
-65.2041
-173.6804
-26.6437
144.4333
-151.0052
121.7551
-178.4595
144.4354
-66.5404
-151.1875
131.5435
128.6932
25.5178
-149.132
-149.0815
-150.3132
-97.3887
-66.4921
141.2661
-178.5716
150.472
-72.295
3.4756
178.5578
-152.1565
128.8918
-146.9355
-68.6265
55.1514
-28.2897
-89.2869
146.2157
-179.0161
125.1914
-118.0095
-142.1719
-153.864
-69.4522
-172.9921
151.4907
-26.3428
-25.7222
153.0863
-100.8648
-178.2722
-164.8478
167.4885
-140.349
-177.5058
-153.7872
-97.222
161.1621
-115.174
70.8256
-63.2478
-40.9912
3.5018
142.3022
120.4307
-177.8604
-97.3096
-97.3095
50.7118
66.8908
104.4558
-177.2698
-98.2406
-149.6719
167.6429
167.3989
-68.235
140.1425
-93.0414
-155.6428333
3.5907
-26.3031
3.5166
-71.6767
-25.623
126.6425
23.57
-68.6043
-177.4723
170.0214
41.2029
68.1214
135.3633
-174.9591
-26.4031
122.4375
122.4233
-154.809
-65.0189
-174.1504
-178.1477
-25.9334
-177.9168
-70.0754
-177.6162
71.1757
-65.9225
-176.857
-26.9353
85.4224
140.568
139.7352
-64.7406
-64.696
-122.1913333
-164.1488
-67.1744
-178.1606
-96.9694
-35.9291
-74.1108
130.1691
-89.7268333
-157.999
129.9331
-177.8417
-68.9532
167.4834
-65.1146
-178.262
-125.196
-125.3781667
131.8611
60.4644
-111.0156667
-27.481
77.9088
-64.9647
-64.9572
161.5082
124.706
-71.6949
-153.2018
152.5404
158.9631
146.787
122.4556
-156.3119965
-122.633
147.6135
128.1777
-69.15
-178.1067
-80.8124
-67.221
-122.7686667
-166.3278
-67.5625
-74.9269
-66.0883
-97.5445
137.2139
-64.902
-64.7208
-98.3315
-66.1007
-64.2478
167.6374
-97.2222
96.4968
-66.072
-66.134
93.1817
-149.147
-64.8086
-66.0891
-64.8078
-64.79
-64.7806
-178.6481
-64.7891
-64.849
130.1741
128.6086
130.1374
126.5076
-64.814
-97.1832
-64.7429
-68.6473
-68.7975
-66.1362
-169.4484
-98.7583
-66.4304
-175.5188
179.8025
128.9128
-177.9604
-179.9084
-71.9209
144.9046
142.9049
150.6908
-170.6996
-64.7239
-64.8395
-150.2201
145.8767
-68.0371
-27.0759
-152.4822
-177.4674
-165.1435
150.2476
-177.9837
128.5528
-162.0715
179.2317
-64.6545
-64.1877
-97.1686
-85.6927
72.3918
-121.775
146.1097
-64.6664
-69.206
142.3135
165.0125
-153.3877
-98.1776
15.79
-119.4588
129.7133
-95.197
-97.9722
144.828
145.3019
-93.6005
-93.6748
126.4716
-150.6633
-97.7836
-158.1422
-26.7701
-110.628
-179.4758
143.8674
168.2075
120.4481
-64.6455
-110.6526667
-178.5192
167.6764
-94.6949
-98.752
158.4766
126.8074
21.5622
26.214
-139.2124
-64.6475
-64.6826
