latitude
47.716835
-55.443
17.9522
33.9916667
-2.6586
19.111
17.9997
1.4647
6.8128
18.173
23.6145
36.5166
-55.5282
56.5387
-30.1205
56.5655
61.7815
62.8464
44.0854
59.7875
36.4344
35.973
44.452
-55.5555
-27.8805
59.9052
-3.3301
38.3017
6.8016
36.9032
-60.6687
57.6638
57.5747
58.8034
32.2376667
33.0783
-12.2942
-17.8608
-55.4856
61.5222
36.6343333
-14.8291
38.4788
40.6505
37.0305
22.5367
22.7311
18.1965
62.3367
0.501
36.6623
24.4664
12.1092
-30.6257
-30.5869
19.0485
51.2042
19.038
0.962
-16.5348
0.9757
16.0902
37.1818
51.4549
18.3078
51.7944
32.9735
38.8188333
-23.7043
-5.2212
51.8758
-43.7899
56.5288
-3.462
36.5013
22.6614
22.5765
0.8817
40.3669
0.969
18.139
-2.1581
36.7128
-23.4166
-17.5552
-41.41
-20.7688
-5.6622
-31.7891
35.8706
58.0359
27.9463
-6.3098
19.124
17.9857
46.6588333
61.4419
36.4519
36.0406667
-17.2388
18.5351
-17.6227
-35.45
35.7107
61.3621
-0.1219
-22.0769
-24.194
41.9725
-15.9657
-20.6751
11.435
19.3176667
36.4382
63.2376
-23.9986
32.3976
24.8853
44.7423333
34.3051667
18.1644
61.7706
53.9985
18.4596
-20.224
18.9911
2.0536
-30.226
52.252
3.5008
23.1147
-30.6967
19.482
-5.6761
-5.6411
60.6077
51.7103
55.4055
52.0873
20.1391
56.3422
-20.2524
47.2669
55.4153
1.9234
52.1455
36.854
-20.81
55.6237
-35.8008
50.1362
31.5786667
18.7688
60.451
52.1532
-31.4937
-20.3791
-20.3168
19.4375
53.3749
51.9686
-20.3981
55.1224
19.1439
-20.2822
-20.261
-20.2987
-20.0337
52.5606
54.7714
33.9218333
33.9255
-16.7038
52.0992
36.9571
1.0081
19.3038
42.0752
36.5594
-7.2148
-31.9009
19.2031
-5.6736
44.2488333
59.611
-15.6537
17.9993
35.5543
53.604
-3.3746
30.4807
-20.4707
51.936
-52.3223
-6.0974
-24.2117
37.0462
35.8194
19.7826
-14.7257
-31.8124
51.8508
40.6485
51.7356
32.6761
53.5235
-24.3346
6.1375
-10.6106
53.2502
53.582
-0.0403
18.5692
53.5177
51.2454
1.6858
53.5159
51.7657
19.2702
33.4635
53.564
55.3933
36.3959
-41.9824
25.4859
-11.5902
35.541
52.2572
19.2175
60.4608
19.1758
-20.6163
35.3501667
34.2021667
53.2277
33.2778
-7.708
-20.6054
30.2038
18.4575
-7.5321
51.8934
19.0375
-30.5997
18.9853
35.6878
-30.0603
-22.9645
18.0956
59.8444
59.7103
78.3502
18.7385
28.3188
18.6128
-15.5521
34.0723333
40.7555
60.5576
36.7597
-20.6703
65.4881
18.5884
18.6557
-20.6102
18.6755
-5.8526
36.3678
41.952
36.8439
59.9426
31.1353
-30.67
-20.8363
48.2037
39.4931
53.3239
36.2179
-2.9956
-8.5136
8.3781
36.7228
62.1986
-47.0959
33.9225
-8.8302
36.7211
59.6716
-28.3681
31.4783333
36.484
14.021
36.7293
36.7216
52.6735
14.2249
-13.4285
18.8518
18.3141
51.0848
38.7205
19.0592
18.3267
36.0967
18.8854
32.9656667
-62.399
19.2234
36.2226
5.7374
-11.3901
-14.5224
-30.9226
37.0685
-28.3742
-29.179
33.5735
-32.273
35.8361
-21.1132
-20.6452
-4.6065
2.4166
52.7833
32.9608333
32.9675
54.6021
36.6168
52.6113
18.8199
65.2433
53.0879
51.6158
50.5438
26.9482
52.0516
44.7325
18.4013
-18.7692
57.0706
-7.1368
57.0469
18.2614
60.8015
14.3298
19.2495
14.1099
57.068
18.5874
32.299
14.0824
12.8627
54.3794
36.2159
60.1022
60.0743
-4.4191
55.4353
-7.0772
-10.9775
4.2101
60.0883
33.477
15.254
38.6286
4.3541
-50.906
53.0393
41.9931
32.4568
5.5166
12.9979
55.4126
18.812
36.3897
39.592
-29.0438
44.7301667
36.4596
54.7296
26.9489
11.7631
-8.7437
19.523
18.3355
26.9365
32.9641667
26.9097
27.009
19.3866667
-20.8889
19.3856667
-34.0919
11.9543
5.6191
-4.4284
-34.9723
33.4685
19.3493
38.493
-4.0298
61.1943
35.8778
43.55
43.9183
38.6939
32.3969
45.9278
35.8657
52.0348
16.8041
38.8361667
19.2537
51.4299
-11.5494
3.2021
60.8317
18.5233
40.4481667
19.31
-0.0522
53.4608
18.5193
36.4214
35.9664
52.452
36.4123
51.559
56.3805
36.213
49.9693
25.76
-8.1457
52.7724
52.0802
51.4918
51.3934
44.8104
60.1269
6.538
-7.9506
12.8742
21.6256667
19.0079
37.1906
19.139
53.4004
19.2772
-18.0611
-17.9838
33.4598333
36.4766
4.0462
38.8253333
33.4591667
37.563
-37.1629
58.2766
36.0031667
57.7038
19.1732
-16.7641
39.0585
16.5753
36.092
-16.508
45.8184
-15.5228
63.5315
18.6135
54.383
-22.7214
38.3958
33.4593333
-16.893
51.794
57.1303
59.8556
-7.4573
33.4795
33.4338333
33.4578333
18.5613
36.2741667
33.4323333
19.655
33.465
33.4716667
33.4436667
33.4425
33.4315
51.5088
56.9867
18.2714
18.3495
12.8132
-8.6857
61.6927
12.8735
12.8276
16.3339
12.826
12.841
29.2958
11.3686
-0.0746
60.102
36.2863
-20.5261
-29.3225
19.1149
-4.793
43.5991
-6.4791
16.5682
53.3237
39.5698
12.4382
52.6519
-28.72
-14.6765
57.0091
35.6624
56.9803
-17.9118
51.5563
19.7725
52.051
36.5927
36.1345
51.9828
52.0127
36.4504
-10.6162
53.3425
-10.6227
65.1092
32.6721
62.1827
-24.3188
53.1966
-11.4664
44.7328333
-9.2455
44.4803
57.0244
57.7777
18.5485
56.9926
-20.879
43.8578
2.3647
53.4564
13.4678
-4.2677
20.6849
18.5188
19.4996667
-30.0185
40.4451667
55.35
36.8435
51.8523
36.4428
55.564
36.6029
18.9713
-42.73
46.1905
-29.2014
19.8536667
13.5774
12.7421
-4.1294
60.0819
57.0481
40.5316667
58.719
18.1305
37.4195
33.6825
18.7929
26.9539
-32.3661
27.1615
36.3468
1.3038
-7.5676
30.0367
19.3882
36.7163
-23.3715
1.2611
1.3138
-25.89
36.4646
18.8986
46.778
35.6826
35.8776
37.7119
-5.7167
-17.6632
5.6747
-14.2228
41.8457
19.1256
17.9637
18.4885
18.4123
18.9905
55.407
19.3845
19.0237
-20.4093
18.2518
34.7278333
-23.6535
52.2121
60.5129
43.839
40.2548
-45.2378
19.1413
59.2979
56.1205
59.7953
0.4394
-29.3754
33.4845
19.3851667
-45.5234
-5.2311
37.293
36.2544
36.6697
17.4614
36.2534
36.4268
54.8726
8.719
-31.1134
-20.215
0.5717
52.2629
5.1928
29.0671
35.3014
36.3719
37.4546
-30.0027
-30.0835
18.9037
18.6776
19.3893333
-6.6235
-32.0302
-7.7701
37.9035
16.2043
14.3914
18.8185
-30.0235
-18.0132
11.2077
-12.6338
-11.0239
35.5773
-24.2879
52.2766
-17.5855
36.5106
-9.4659
8.5273
35.989
37.3055
38.5942
35.6462
37.1818
18.2514
-4.5844
-0.8805
-19.4167
4.473
31.5183333
-2.9702
-29.366
51.4595
-4.6207
-29.3526
-15.3921
55.639
38.8286667
-15.9422
51.3013
18.6023
28.9056
-17.6657
18.2371
36.5354
36.9514
16.0494
-24.2844
16.5383
16.7034
34.2034
-18.3345
18.4838
19.6568
53.7893
18.653
17.9468
8.9812
-31.5964
-18.2699
19.003
2.0003
18.9895
19.27
-14.698
18.3556
54.1261
35.4215
18.7229
53.9888
65.6972
40.63
38.1557
52.3333
-5.2452
55.4174
51.2512
37.2076667
-23.293
-7.283
0.4538
29.986
-15.5415
19.379
-20.6877
31.8414
0.6693
36.535
12.6615
-1.574
35.4568
51.0763
36.2686
18.773
43.9967
-30.7316
-23.7591
52.2425
-7.3318
54.1233
-23.337
55.3796
54.1746
35.8309
39.586
24.3775
52.3058
-31.466
-19.9759
-6.8417
54.0121
54.0823
53.4908
54.1349
61.322
-57.472
63.3062
-15.1164
36.1329
52.346
55.3545
-19.0388
-2.6296
-49.2499
-17.2512
51.0921
18.7434
20.5841
52.1231
55.4126
-16.2264
26.8431
39.5911
55.4923
51.401
18.5147
51.9559
-16.9533
17.9071
19.0944
35.6961
59.319
61.6577
59.5996
-3.5571
51.2608
-14.6532
-30.0519
12.5831
-21.1302
34.1796667
19.0935
12.7685
36.1353
32.7831667
-0.6247
-18.2408
-19.9444
-17.9694
40.54
20.6065
36.4166
-9.1655
59.6183
22.3885
51.1625
36.6505
55.3937
51.9285
19.2922
-32.8271
-0.2544
53.4916
60.2026
19.1921
19.3073
19.1445
19.3668
19.2952
19.315
19.2481
-7.1087
34.7178333
-23.4983
19.3976
19.3029
19.2831
34.717
19.3316
19.2777
19.2607
37.2325
19.434
19.3519
17.725
61.3153
34.713
36.0466667
62.4626
18.0227
18.0242
36.3682
18.8435
55.3876
36.1263333
12.861
18.3275
36.27
54.9475
-16.8453
60.1627
-2.0898
35.6464
36.3739
18.106
18.103
35.6759
36.3032
8.6645
-30.1057
-13.5064
41.8765
-6.2516
-9.1741
55.3372
1.6665
-21.1398
47.718
37.1913
55.3685
36.5976
-56.7244
-14.9768
-30.2228
36.8862
-5.2354
0.3367
19.433
60.5429
18.5455
50.95
51.179
0.1638
18.854
17.8969
18.1945
17.7701
51.2132
55.3693
36.853
51.6764
55.3752
36.8898
-15.8705
52.6914
-32.7578
55.4437
37.2645
51.8775
55.3678
55.374
38.8068333
36.4889
12.1257
55.3654
52.3481
55.3908
12.1011
55.4385
18.4563
36.4716
63.7048
13.1946
0.1686
53.7402
-8.2217
52.9592
15.9352
28.7809
-30.2236
-8.4124
57.0677
9.4611
61.0378
35.6713
39.1818333
47.5494
-2.8547
-14.6698
34.6091
17.9971
9.3754
18.4549
25.5771
53.5391
-56.0543
18.493
18.4951
51.2377
12.6149
-27.5989
52.1255
58.5017
-31.0556
-31.1679
-17.6576
-55.9756
-56.1068
6.935
-56.0742
-4.2206
-3.8992
36.6497
-35.4219
35.6674
42.71
71.7392
59.0778
14.2724
67.246
24.2596
29.8731
-21.8001
37.5865
-55.5419
-33.8731
36.6701
-14.3605
12.0644
-3.5404
5.5489
52.6336
-61.6496
-14.2209
-14.9975
-31.0796
-33.9259
17.8409
2.4529
-31.6397
-42.7218
55.2514
-31.4312
-30.3143
40.7693333
24.4483
19.538
-49.2575
-31.2817
-30.3822
18.7495
18.9612
52.663
-55.5997
12.17
62.8534
24.119
51.1825
12.184
18.5249
62.6326
-3.7352
-2.8105
34.5598
59.9846
59.9015
61.8657
35.6744
19.148
25.4867
-20.7342
-3.8979
-31.7586
36.381
52.7124
61.9577
-7.2729
61.288
17.9733
27.9193
-55.2097
12.622
17.1817
-20.993
24.2862
33.6156667
-13.1701
60.051
-20.4822
-21.1714
-5.2602
-55.5484
-56.2133
48.742
32.8935
-34.1806
54.2074
-14.853
60.1421
-20.2403
59.2589
35.8567
-10.2989
32.1021667
36.0664
-20.5098
10.6119
36.2418
35.0311
20.609
-31.0447
36.0803
36.0815
13.0843
1.5531
31.517
-25.9238
36.8384
63.1753
-16.6154
-16.787
19.6033
41.0733
14.5795
19.4626667
36.3224
-56.1074
36.4313
-28.6461
-56.0599
-8.8415
37.57
17.8283
-19.3482
-22.9519
-43.8464
41.1097
-4.4016
51.8675
-55.5505
-32.4323
-32.3981
56.536
19.0976
51.7732
-30.3387
-56.1758
-19.8572
47.5663
-31.0565
36.6885
19.5198
-23.4468
-56.2409
28.0066
36.5445
33.7546
19.1805
19.1597
48.202
53.6673
18.003
-22.0213
36.1819
7.3926
-37.5056
27.0289
36.124
57.2647
-6.2225
-18.1731
-19.7221
-14.7584
18.9883
-17.9706
40.4256667
40.3955
-3.8549
-30.1163
44.7361667
-56.2272
36.197
18.1075
18.1222
54.6485
-0.2106
-31.0918
59.7448
-4.8866
53.5784
17.9785
-2.9069
18.0651665
46.5705
-6.2013
2.5893
-24.982
52.0752
-5.1163
18.8619
38.7855
53.4147
18.5088
-8.4499
18.9027
35.9795
-1.583
18.3782
19.1557
36.7893
18.8948
18.4435
-17.218
35.9944
26.5252
18.9365
18.2462
2.7542
62.0951
19.2472
18.9025
19.28
19.1585
19.2623
-20.8101
19.2089
19.194
26.9392
27.6906
26.9924
6.9398
19.2786
35.6592
19.2255
18.4829
18.4076
18.5324
52.045
36.4659
19.2014
-19.9088
-31.461
-3.1919
51.5025
-23.6089
-29.9261
13.8485
41.1692
47.1482
52.4977
19.2845
19.1287
62.1288
-5.2421
19.068
-57.2879
59.0023
-18.7806
53.4866
46.3234
-33.8579
-8.5312
52.9651
51.4342
19.097
18.8472
35.7221
11.5135
41.1336
37.4543333
16.4874
19.1457
-18.813
29.3284
-46.5645
59.8229
35.9004
36.81
40.6532
28.801
17.215
36.9567
39.5177
14.2056
14.9046
15.0312
8.7986
60.1457
36.4186
56.1221
-59.982
40.499
-23.8603
21.9652
-17.9262
22.064
19.0753
40.4886667
51.6656
-15.9785
17.5737
36.4571
-8.908
3.6055
37.9772
35.0212
57.8457
19.1802
19.1944
