longitude
-121.5153351
-128.0805
-66.8261
-118.5236667
110.1285
-67.6725
-66.9729
126.5762
-73.0276
-104.6715
123.3857
-98.9766
-26.9994
-34.4109
-177.9597
-34.5321
-151.2219
-149.5134
9.9495
-153.0488
70.6696
-120.5275
-114.1301667
-26.853
-177.0307
-153.0478
130.6838
-116.667
-72.9933
-97.706
-42.9516
-32.6607
-33.2029
-152.5438
-117.583
47.3844
167.1362
167.2722
-26.7741
-146.4618
-121.256
-70.5837
44.8588
-123.561
-121.1961667
143.4645
94.7091
-65.608
-149.9393
127.0392
-98.7258
141.1924
-86.4218
-71.6624
-71.6703
-65.3725
-176.2537
-64.608
97.3949
-173.6833
97.4507
-94.3949
-98.0628
-173.2148
-66.0046
-177.2482
-115.5718333
-122.7578333
-179.9106
130.6609
178.6618
-16.171
-157.9265
151.8538
-98.4688
-45.1327
-44.9955
97.3583
52.9143
97.3807
-67.7393
99.442
-98.3972
179.0773
-71.5892
174.97
-178.6928
151.1465
179.1626
-97.2357
-153.6575
85.5702
130.3333
-64.902
-66.5621
-112.2706667
-150.9737
-98.735
-117.363
168.4476
-65.5895
-178.7657
-73.26
68.4557
-140.0937
123.8969
-67.3264
-67.3
141.0288
167.5168
168.5473
141.826
-155.2135
-98.7296
-136.696
-66.7364
137.9325
121.9164
-111.7535
-116.9191667
-64.9479
-150.3337
-164.1205
-65.6443
168.7298
-68.6064
93.5581
-72.0803
-169.3746
127.9003
121.5753
-177.4051
-65.23
-11.5305
-11.6013
-151.0524
-178.629
-158.3455
-169.2539
121.3941
-156.5679
168.4357
-0.6721
-158.4238
127.0351
-169.2565
-97.3443
-68.8455
-160.9179
-71.3205
179.468
-115.61
-67.5019
-152.1228
-171.8321
-68.6574
168.5712
168.9164
-67.3647
-163.3497
-174.4904
168.5879
-164.0024
-65.7098
168.4902
168.8158
169.089
168.7691
178.3713
-160.5842
-116.023
-116.0228333
-69.7313
-173.2982
-104.8443
126.1584
-64.3797
81.3044
-98.4973
129.0335
57.2
-65.373
-11.5433
-110.7636667
-152.2909
168.1264
-68.1536
-97.114
-163.4169
101.2296
138.3348
168.6937
-172.0888
-75.3086
130.5612
-67.0875
71.1686
-97.2645
-68.9001
-70.7828
57.1454
-172.0611
-126.8238333
179.7735
130.5804
-163.4233
-67.4535
-82.5052
166.0176
-168.4879
-163.4771
126.8971
-67.3103
-163.3983
-178.4304
126.5033
-163.4103
177.014
-64.3892
-116.4816667
-163.4906
-158.4802
140.8515
-105.257
122.6516
166.3349
-117.2935
-175.777
-64.958
-152.2535
-64.963
168.5269
-84.8731667
-116.8313333
-166.7747
141.9599
123.0941
168.8781
57.5366
-65.8348
128.3645
178.2995
-64.7509
-71.875
-64.9029
-97.4109
-71.5447
-69.0692
-68.7478
-153.5087
-152.0503
8.8801
-66.6382
130.4163
-66.735
-70.2528
-116.3785
-124.4308333
-151.0051
-98.0749
168.5854
-144.5
-67.0885
-67.2055
168.741
-66.6763
129.9826
-97.7287
140.9447
-98.1241
-152.2838
-103.302
-71.33
-178.565
154.3594
-118.499
-163.1053
-97.2909
147.626
-74.187
-82.8345
-98.7328
-150.5331
165.3343
-116.0221667
160.6201
-98.7324
-156.8116
-71.6558
-115.7071667
-99.0981
-90.7531
-98.7151
-98.7153
-173.8888
-91.4554
167.1467
-67.3466
-67.2425
179.6732
-117.8416
-66.7895
-64.2076
70.3014
-65.091
-115.5698333
166.5035
-65.6297
-97.3051
-77.5686
116.2796
166.8155
179.9436
-97.719
60.7839
61.0382
-116.7343333
-72.0251
-97.2633
-68.9602
-11.5561
137.9651
97.833
-173.5688
-115.5726667
-115.568
-161.2367
-98.427
-174.5779
-67.4261
-148.8998
-167.277
-177.033
-173.8032
130.1875
-178.4523
-111.7651667
-64.0747
168.819
-158.0494
-79.278
-158.1533
-67.3679
-150.5343
-90.6271
-65.7276
-92.6882
-157.4114
-66.6268
-116.241
-92.6185
