latitude
47.716835
-55.443
17.9522
33.9916667
-2.6586
19.111
17.9997
1.4647
6.8128
18.173
23.6145
36.5166
-55.5282
56.5387
-30.1205
56.5655
61.7815
62.8464
44.0854
59.7875
36.4344
35.973
44.452
-55.5555
-27.8805
59.9052
-3.3301
38.3017
6.8016
36.9032
-60.6687
57.6638
57.5747
58.8034
32.2376667
33.0783
-12.2942
-17.8608
-55.4856
61.5222
36.6343333
-14.8291
38.4788
40.6505
37.0305
22.5367
22.7311
18.1965
62.3367
0.501
36.6623
24.4664
12.1092
-30.6257
-30.5869
19.0485
51.2042
19.038
0.962
-16.5348
0.9757
16.0902
37.1818
51.4549
18.3078
51.7944
32.9735
38.8188333
-23.7043
-5.2212
51.8758
-43.7899
56.5288
-3.462
36.5013
22.6614
22.5765
0.8817
40.3669
0.969
18.139
-2.1581
36.7128
-23.4166
-17.5552
-41.41
-20.7688
-5.6622
-31.7891
35.8706
58.0359
27.9463
-6.3098
19.124
17.9857
46.6588333
61.4419
36.4519
36.0406667
-17.2388
18.5351
-17.6227
-35.45
35.7107
61.3621
-0.1219
-22.0769
-24.194
41.9725
-15.9657
-20.6751
11.435
19.3176667
36.4382
63.2376
-23.9986
32.3976
24.8853
44.7423333
34.3051667
18.1644
61.7706
53.9985
18.4596
-20.224
18.9911
2.0536
-30.226
52.252
3.5008
23.1147
-30.6967
19.482
-5.6761
-5.6411
60.6077
51.7103
55.4055
52.0873
20.1391
56.3422
-20.2524
47.2669
55.4153
1.9234
52.1455
36.854
-20.81
55.6237
-35.8008
50.1362
31.5786667
18.7688
60.451
52.1532
-31.4937
-20.3791
-20.3168
19.4375
53.3749
51.9686
-20.3981
55.1224
19.1439
-20.2822
-20.261
-20.2987
-20.0337
52.5606
54.7714
33.9218333
33.9255
-16.7038
52.0992
36.9571
1.0081
19.3038
42.0752
36.5594
-7.2148
-31.9009
19.2031
-5.6736
44.2488333
59.611
-15.6537
17.9993
35.5543
53.604
-3.3746
30.4807
-20.4707
51.936
-52.3223
-6.0974
-24.2117
37.0462
35.8194
19.7826
-14.7257
-31.8124
51.8508
40.6485
51.7356
32.6761
53.5235
-24.3346
6.1375
-10.6106
53.2502
53.582
-0.0403
18.5692
53.5177
51.2454
1.6858
53.5159
51.7657
19.2702
33.4635
53.564
55.3933
36.3959
-41.9824
25.4859
-11.5902
35.541
52.2572
19.2175
60.4608
19.1758
-20.6163
35.3501667
34.2021667
53.2277
33.2778
-7.708
-20.6054
30.2038
18.4575
-7.5321
51.8934
19.0375
-30.5997
18.9853
35.6878
-30.0603
-22.9645
18.0956
59.8444
59.7103
78.3502
18.7385
28.3188
18.6128
-15.5521
34.0723333
40.7555
60.5576
36.7597
-20.6703
65.4881
18.5884
18.6557
-20.6102
18.6755
-5.8526
36.3678
41.952
36.8439
59.9426
31.1353
-30.67
-20.8363
48.2037
39.4931
53.3239
36.2179
-2.9956
-8.5136
8.3781
36.7228
62.1986
-47.0959
33.9225
-8.8302
36.7211
59.6716
-28.3681
31.4783333
36.484
14.021
36.7293
36.7216
52.6735
14.2249
-13.4285
18.8518
18.3141
51.0848
38.7205
19.0592
18.3267
36.0967
18.8854
32.9656667
-62.399
19.2234
36.2226
5.7374
-11.3901
-14.5224
-30.9226
37.0685
-28.3742
-29.179
33.5735
-32.273
35.8361
-21.1132
-20.6452
-4.6065
2.4166
52.7833
32.9608333
32.9675
54.6021
36.6168
52.6113
18.8199
65.2433
53.0879
51.6158
50.5438
26.9482
52.0516
44.7325
18.4013
-18.7692
57.0706
-7.1368
57.0469
18.2614
60.8015
14.3298
19.2495
14.1099
57.068
18.5874
32.299
14.0824
